99 174
97 77
75 88
21 43
2 64
2 48
43 62
52 100
33 69
24 74
100 45
75 69
34 5
39 1
5 92
68 95
56 10
50 91
48 22
4 49
99 63
77 9
41 82
97 89
62 45
45 22
3 68
91 28
22 50
11 42
25 68
34 54
84 98
81 14
35 36
58 52
95 88
71 47
21 98
40 9
45 29
56 68
100 43
56 11
78 83
31 72
5 42
19 16
36 44
17 82
5 45
40 48
86 94
56 70
71 90
34 47
96 75
1 51
85 29
1 11
50 33
75 81
95 45
1 90
43 9
53 11
23 19
39 14
63 6
47 57
64 23
55 41
71 26
59 76
20 78
2 91
9 86
31 80
93 40
20 71
3 92
20 62
98 70
2 7
95 77
77 58
1 90
32 66
48 47
36 90
97 99
59 81
72 60
6 72
100 42
20 4
73 23
47 71
90 41
65 93
