098
1 69
2 45
3 83
4 34
5 33
6 38
7 20
8 20
9 94
10 40
11 55
12 40
13 47
14 88
15 42
16 41
17 50
18 17
19 18
20 34
21 39
22 89
23 53
24 87
25 74
26 70
27 96
28 67
29 68
30 24
31 38
32 78
33 75
34 20
35 62
36 33
37 29
38 56
39 26
40 99
41 80
42 50
43 88
44 65
45 16
46 46
47 65
48 27
49 69
50 28
51 72
52 61
53 73
54 69
55 25
56 3
57 80
58 80
59 14
60 28
61 66
62 76
63 19
64 6
65 76
66 73
67 22
68 53
69 63
70 98
71 100
72 77
73 14
74 58
75 97
76 58
77 76
78 52
79 8
80 73
81 55
82 92
83 5
84 21
85 7
86 41
87 30
88 61
89 70
90 79
91 3
92 94
93 5
94 5
95 94
96 88
97 31
98 63
