098
1 76
2 29
3 78
4 12
5 57
6 87
7 23
8 45
9 52
10 92
11 18
12 20
13 46
14 79
15 90
16 7
17 83
18 88
19 2
20 22
21 27
22 76
23 63
24 55
25 23
26 53
27 55
28 65
29 44
30 25
31 48
32 5
33 63
34 61
35 84
36 1
37 57
38 11
39 27
40 18
41 83
42 52
43 48
44 69
45 32
46 10
47 13
48 75
49 80
50 40
51 35
52 49
53 53
54 41
55 90
56 21
57 87
58 91
59 50
60 10
61 63
62 100
63 98
64 73
65 45
66 14
67 81
68 5
69 58
70 9
71 91
72 93
73 75
74 22
75 36
76 54
77 91
78 39
79 88
80 50
81 59
82 60
83 17
84 3
85 59
86 96
87 62
88 92
89 74
90 20
91 28
92 46
93 76
94 89
95 31
96 31
97 9
98 68
