098
1 67
2 84
3 44
4 13
5 76
6 30
7 42
8 24
9 41
10 54
11 49
12 84
13 88
14 31
15 37
16 72
17 69
18 85
19 22
20 57
21 85
22 64
23 3
24 85
25 90
26 16
27 25
28 63
29 8
30 14
31 45
32 93
33 7
34 85
35 67
36 45
37 84
38 32
39 18
40 81
41 15
42 48
43 68
44 99
45 98
46 55
47 76
48 32
49 41
50 70
51 46
52 26
53 83
54 45
55 44
56 7
57 97
58 99
59 26
60 65
61 32
62 32
63 89
64 96
65 98
66 42
67 46
68 23
69 43
70 7
71 17
72 45
73 40
74 76
75 44
76 7
77 25
78 16
79 92
80 58
81 21
82 63
83 63
84 26
85 49
86 62
87 18
88 21
89 30
90 59
91 33
92 4
93 74
94 4
95 92
96 74
97 5
98 46
