098
1 11
2 25
3 72
4 16
5 4
6 89
7 62
8 45
9 38
10 83
11 25
12 78
13 67
14 85
15 12
16 18
17 4
18 86
19 93
20 66
21 15
22 58
23 82
24 35
25 44
26 79
27 33
28 23
29 18
30 84
31 44
32 2
33 38
34 63
35 47
36 80
37 53
38 60
39 12
40 66
41 44
42 38
43 74
44 58
45 88
46 94
47 22
48 4
49 1
50 12
51 62
52 12
53 58
54 9
55 48
56 78
57 75
58 36
59 91
60 45
61 26
62 59
63 21
64 95
65 8
66 11
67 50
68 74
69 65
70 27
71 13
72 72
73 93
74 53
75 81
76 86
77 82
78 51
79 3
80 26
81 57
82 8
83 62
84 69
85 7
86 48
87 44
88 77
89 65
90 99
91 5
92 14
93 41
94 39
95 3
96 56
97 32
98 18
