098
1 37
2 16
3 95
4 33
5 76
6 17
7 53
8 79
9 18
10 43
11 100
12 97
13 56
14 44
15 49
16 65
17 52
18 91
19 17
20 16
21 14
22 54
23 46
24 20
25 15
26 10
27 16
28 74
29 23
30 100
31 55
32 52
33 37
34 24
35 89
36 93
37 78
38 87
39 11
40 36
41 74
42 98
43 44
44 67
45 79
46 64
47 23
48 58
49 11
50 34
51 12
52 49
53 31
54 87
55 82
56 89
57 65
58 20
59 76
60 3
61 43
62 1
63 91
64 10
65 33
66 93
67 78
68 4
69 30
70 83
71 18
72 53
73 89
74 39
75 67
76 19
77 11
78 98
79 81
80 95
81 33
82 23
83 70
84 14
85 94
86 12
87 84
88 96
89 20
90 67
91 6
92 78
93 88
94 48
95 57
96 9
97 24
98 78
