098
1 96
2 84
3 16
4 40
5 52
6 75
7 55
8 83
9 98
10 17
11 40
12 22
13 25
14 12
15 77
16 82
17 99
18 84
19 75
20 19
21 55
22 59
23 15
24 47
25 82
26 72
27 74
28 8
29 14
30 48
31 24
32 77
33 55
34 26
35 45
36 51
37 8
38 43
39 52
40 3
41 77
42 37
43 4
44 44
45 57
46 38
47 98
48 34
49 65
50 15
51 51
52 1
53 38
54 84
55 62
56 60
57 7
58 54
59 93
60 77
61 65
62 84
63 28
64 47
65 22
66 85
67 70
68 47
69 22
70 70
71 1
72 74
73 14
74 4
75 99
76 91
77 45
78 95
79 32
80 8
81 65
82 18
83 19
84 8
85 51
86 80
87 74
88 4
89 96
90 89
91 58
92 79
93 93
94 77
95 40
96 77
97 24
98 64
