098
1 63
2 83
3 8
4 40
5 62
6 22
7 32
8 91
9 33
10 72
11 40
12 62
13 18
14 68
15 100
16 95
17 13
18 6
19 80
20 49
21 47
22 20
23 76
24 12
25 69
26 37
27 16
28 8
29 2
30 55
31 27
32 34
33 45
34 37
35 87
36 97
37 93
38 40
39 39
40 66
41 21
42 10
43 25
44 62
45 66
46 32
47 58
48 67
49 75
50 41
51 15
52 80
53 53
54 74
55 61
56 33
57 82
58 71
59 29
60 14
61 49
62 92
63 45
64 75
65 42
66 77
67 95
68 80
69 58
70 50
71 36
72 87
73 63
74 48
75 27
76 58
77 36
78 3
79 58
80 24
81 85
82 63
83 68
84 35
85 64
86 40
87 80
88 66
89 67
90 72
91 83
92 79
93 69
94 86
95 51
96 38
97 23
98 58
