098
1 75
2 4
3 41
4 84
5 14
6 97
7 88
8 82
9 31
10 30
11 34
12 30
13 97
14 15
15 51
16 55
17 5
18 36
19 52
20 59
21 68
22 13
23 73
24 87
25 57
26 4
27 92
28 75
29 74
30 17
31 26
32 51
33 23
34 60
35 40
36 25
37 7
38 2
39 4
40 77
41 63
42 91
43 52
44 62
45 22
46 43
47 22
48 57
49 29
50 54
51 6
52 60
53 44
54 69
55 32
56 50
57 64
58 44
59 80
60 58
61 99
62 99
63 29
64 35
65 24
66 22
67 1
68 10
69 30
70 77
71 67
72 51
73 93
74 76
75 71
76 85
77 78
78 27
79 2
80 66
81 7
82 86
83 54
84 10
85 1
86 26
87 91
88 84
89 38
90 65
91 54
92 26
93 49
94 100
95 26
96 91
97 57
98 72
