098
1 65
2 6
3 71
4 73
5 100
6 53
7 49
8 38
9 89
10 92
11 74
12 81
13 87
14 52
15 12
16 22
17 25
18 39
19 90
20 46
21 36
22 40
23 84
24 17
25 98
26 73
27 26
28 78
29 53
30 47
31 82
32 38
33 79
34 3
35 63
36 36
37 66
38 96
39 15
40 16
41 21
42 67
43 87
44 5
45 38
46 6
47 4
48 53
49 16
50 56
51 47
52 55
53 82
54 9
55 81
56 8
57 62
58 46
59 78
60 53
61 33
62 55
63 78
64 61
65 34
66 41
67 98
68 22
69 20
70 56
71 63
72 82
73 28
74 13
75 99
76 23
77 97
78 66
79 83
80 77
81 100
82 73
83 87
84 78
85 44
86 37
87 17
88 39
89 27
90 70
91 94
92 98
93 66
94 15
95 54
96 14
97 57
98 62
