098
1 66
2 23
3 96
4 83
5 77
6 90
7 52
8 49
9 49
10 36
11 46
12 11
13 53
14 17
15 70
16 8
17 1
18 68
19 32
20 11
21 44
22 34
23 9
24 49
25 58
26 88
27 70
28 30
29 41
30 11
31 70
32 21
33 91
34 16
35 36
36 63
37 66
38 83
39 15
40 20
41 90
42 74
43 20
44 11
45 94
46 62
47 28
48 60
49 51
50 37
51 9
52 94
53 97
54 95
55 35
56 22
57 1
58 27
59 55
60 64
61 35
62 9
63 34
64 36
65 10
66 72
67 78
68 65
69 33
70 50
71 87
72 16
73 54
74 75
75 51
76 38
77 12
78 35
79 6
80 26
81 93
82 76
83 7
84 20
85 6
86 74
87 39
88 49
89 34
90 68
91 2
92 22
93 96
94 91
95 95
96 46
97 61
98 25
